1
1
1
1
1
1
1
1
1
1
1
1
4
4
4
4
4
4
4
4
4
4
4
4
4
4
4
4
4
4
4
4
4
4
4
4
4
4
4
4
4
16
16
16
16
16
14
14
14
14
14
14
14
14
14
14
14
14
14
14
24
24
24
24
24
24
24
24
24
24
24
24
24
3
3
3
3
3
3
3
3
3
3
1
1
3
3
3
3
3
3
3
3
3
3
3
3
3
3
3
3
3
3
3
3
3
3
3
3
3
3
3
3
3
3
3
3
3
3
3
3
3
3
3
3
3
3
3
3
3
3
1
22
22
22
22
3
7
3
1
1
1
5
5
5
5
5
5
5
5
5
5
5
5
5
5
5
5
5
5
5
5
5
5
5
5
5
5
5
5
5
5
5
6
6
6
6
6
6
6
6
1
1
1
1
6
6
6
6
6
6
6
6
6
6
6
6
6
6
6
6
6
20
20
20
20
20
20
20
20
20
20
20
20
20
20
20
20
20
20
22
27
27
27
27
27
27
27
27
27
27
27
27
27
7
7
7
7
7
7
7
7
28
28
28
28
1
1
1
1
15
15
1
1
4
15
15
15
15
15
15
15
15
15